1628
97 0000
39 000100000
122 000100001
118 000100010
40 000100011
70 000100100
65 000100101
82 000100110
49 000100111
121 000101
117 00011
115 0010
114 00110
120 001110
100 001111
101 010
108 0110
112 01110
84 01111000
107 01111001
46 0111101
103 011111
104 10000
102 10001
105 1001
99 101000
44 101001
109 10101
116 1011
119 1100000
66 110000100
85 110000101
58 11000011
98 1100010
48 1100011
75 1100100000
41 1100100001
87 11001000100
54 11001000101
76 11001000110
113 11001000111
73 110010010
91 1100100110
93 1100100111
45 11001010
83 11001011000
89 11001011001
52 1100101101
69 11001011100
51 11001011101
53 1100101111
10 110011
111 11010
110 11011
32 111
