
44 000000
119 000001
120 000010
98 000011
115 0001
65 001000000
113 0010000010
69 0010000011
107 00100001
85 00100010
73 00100011
121 001001
109 00101
111 0011
101 010
108 0110
117 01110
112 01111
114 10000
48 10001000
45 10001001
122 100010100
49 1000101010
66 1000101011
93 100010110
82 100010111
10 100011
100 100100
103 1001010
58 1001011000
76 1001011001
41 100101101
83 1001011100
89 1001011101
91 100101111
102 10011
105 1010
118 101100000
40 101100001
39 101100010
84 101100011
46 1011001
99 101101
104 10111
116 1100
110 11010
97 11011
32 111
